7853
10000
7799
10000
7825
10000
7902
10000
7751
10000
7816
10000
7827
10000
7874
10000
7869
10000
7876
10000
7891
10000
7836
10000
7891
10000
7903
10000
7843
10000
7866
10000
7820
10000
7888
10000
7939
10000
7846
10000
7861
10000
7867
10000
7875
10000
7857
10000
7837
10000
7885
10000
7835
10000
7871
10000
7806
10000
7799
10000
7820
10000
7847
10000
7905
10000
7795
10000
7820
10000
7926
10000
7857
10000
7890
10000
7914
10000
7823
10000
7899
10000
7854
10000
7912
10000
7811
10000
7834
10000
7838
10000
7821
10000
7773
10000
7800
10000
7848
10000
7914
10000
7903
10000
7856
10000
7874
10000
7808
10000
7862
10000
7790
10000
7847
10000
7792
10000
7808
10000
7920
10000
7786
10000
7832
10000
7899
10000
7868
10000
7811
10000
7831
10000
7877
10000
7846
10000
7830
10000
7836
10000
7906
10000
7911
10000
7794
10000
7905
10000
7809
10000
7729
10000
7867
10000
7868
10000
7911
10000
7847
10000
7910
10000
7799
10000
7796
10000
7820
10000
7894
10000
7778
10000
7803
10000
7791
10000
7833
10000
7822
10000
7845
10000
7884
10000
7815
10000
7818
10000
7809
10000
7916
10000
7857
10000
7837
10000
7802
10000
