283.262778289807	1.1473035254825008	6.964732252551222e10
10.18365161575258	1.2276617054097796	2.2796983279486182e11
39.573290118520674	1.0323544806846034	3.0111845968192566e11
40.88079834081077	1.0523071209713417	2.2050300876829538e11
15.168458148623984	0.7254941221298211	-2
318.86890517983204	1.244894273967999	6.841390121619856e10
86.33642010441434	0.7043264847046216	-2
239.59037477319737	1.1481191854792727	1.0575736947222127e11
48.382854901319774	1.2863032960281404	1.1776786969446042e12
212.64451685871882	1.2090404627500628	1.1559898369057785e11
157.3164858572793	0.9224994429707031	1.488145197643873e11
247.42140499067023	0.8968787919135243	8.187322692891937e10
24.311256076042582	1.0149662289990231	2.613820966381465e11
86.60211972627451	0.7488739901380602	-2
19.16109788953844	0.80140823581431	1.8618660320392795e11
282.8338639012105	0.7297148473012498	-2
106.37704434266834	1.2930424174561517	1.5818822018765361e12
158.15230174572423	0.8416274619428362	1.7847530758580917e11
9.70983076473857	0.8758060470671237	1.986885981017394e11
80.53168796856443	0.9193711447542837	2.28205539492692e11
101.30123887135534	0.8036326504654552	1.556609089190644e11
259.74674456903404	0.7110383452345158	-2
153.8235767294616	0.8680489515783583	1.4522995754551895e11
2.598032550168739	1.182646455466543	2.2362267071883084e11
211.09494756455138	0.7511532930922271	-2
279.5752210980228	0.9130812954997558	8.654898573528336e10
135.83910295549776	0.9497016398631397	3.3220361973101953e11
338.5912081388933	0.7110781013272297	-2
1.5063513504645698	1.2946615419469119	1.8407729614363297e11
246.10074329357826	0.7382049912220807	-2
104.11217702004802	1.056498172508555	7.953569506473959e11
144.95635099532802	0.7731527739746755	1.802232484025134e11
9.501681389189287	0.906960238604838	2.106630726281628e11
335.7275579528573	1.2881006719091317	9.850819672405118e10
319.3764745469407	0.9082657370152469	1.3665835256835028e11
198.59926851491275	1.1485314758093688	1.0988909113660693e11
318.9966298349011	1.0569865940819123	1.51707068396731e11
242.42258525401644	1.1189859002406684	1.0933633431893933e11
170.67597489653758	1.1011832303311018	1.4227488330045816e11
132.14301657535276	1.2364124826019636	9.98265204882606e11
0.23039344594172917	1.0946645041588046	2.2253101615209055e11
146.1599021421677	0.8642711174155936	1.5448363068946854e11
145.5605732501998	1.1784743444983494	3.322684100623491e11
156.07952626313556	0.747374936856589	-2
129.7701579467	0.842469931751268	2.0066309719986142e11
68.88424890481537	1.2127999320986003	1.318320050073018e12
75.04917263404087	0.9373960285377879	1.7068370761513315e11
339.29248811121454	1.1473759428037635	1.6498162288268542e11
162.66990031183514	0.9429940754191064	1.3590905137599008e11
78.38514248764216	1.0333062078402375	7.00461070237846e11
316.5010612285598	1.0909968169477466	1.1313579275549007e11
322.79115830202545	0.8740767002394103	1.0447406459495616e11
118.1295028821549	1.1426724436335607	9.761276835155981e11
162.96728217712348	1.1791078908766022	3.388755758265503e11
344.26353229592826	1.0105341168231567	1.7945509954395267e11
346.87259957789104	0.7947021352265765	1.5246398698047678e11
30.057136565881592	1.19429614816894	1.3652448447934827e11
16.11562533682644	1.0937314684328072	2.0905096673189597e11
163.1465179014972	0.7838244617127492	1.7667930183780862e11
287.4930234073362	0.8621001265364372	1.3537111164295915e11
357.86947116095064	1.1198047261263893	2.0678918363978494e11
261.4669707136378	0.8266305323088604	1.4940812152158047e11
300.751373251715	0.8236850595235209	1.3266269847954645e11
250.4980029383829	1.2484817191554207	1.4976238327984363e11
82.9552224868483	0.8228621479623248	2.2972991441313895e11
12.254959336803324	0.7715822187063418	1.525393248471137e11
44.524773894949305	1.2810166151298057	1.0578954316601796e12
83.31404665051843	1.2147442861567224	1.4254021850076252e12
336.9970407439422	0.9970381013610633	1.3991433754921497e11
303.23598175928566	0.8624373719555892	1.5209441301040552e11
301.0891607327467	1.238746679513114	1.0442428058741634e11
29.400154059429155	1.2921609956365527	4.846331226772687e11
9.424788429795626	1.0430391132302388	1.9856538182311563e11
63.31107787850016	1.0625884868754365	6.660973033359034e11
313.06650182874694	0.7798239670969322	1.427669462900548e11
46.521654333806566	0.9890956102647923	2.9783016244806866e11
291.20458492871796	0.7912103464407934	1.1469950467536778e11
251.13245138348566	0.9204276584634185	9.485531671433044e10
309.7896409907406	1.2700798965184044	1.5998934167886462e11
146.61277219869328	0.8238125330045337	1.639457737344375e11
36.29299446648281	1.1236147993510441	1.407946637512346e11
149.84574879007408	1.0048101621229888	3.272163019757586e11
157.44262935927975	1.1903353896837305	3.0088837665596924e11
121.83716958120499	1.1696460209264565	1.0070928325338882e12
148.41977478895905	0.9262300530761977	2.4717084544347968e11
248.52916321991063	1.23969585437715	1.4051552222850238e11
143.6982837830431	0.9772430722079286	3.3313087743031946e11
159.26369612077997	1.2813116988569995	1.9212482783907672e11
13.401234365963887	1.1313027019533368	1.903246751144072e11
256.4150181822579	0.9496383695660454	1.3746906011417825e11
220.96401514086222	0.7643172571242312	1.4600771607116934e11
35.54457931204871	1.2177104970520845	5.0905567582208044e11
343.1657157164707	1.0830602622809136	1.846314017102112e11
321.2821565018535	1.2806161193516872	1.0878261473375087e11
344.6797187255968	1.0503995905205068	1.8108010929547287e11
53.0719250657429	1.2876727935643555	1.2896761445712207e12
227.80144133555427	0.8317390712471447	1.4461700281525885e11
121.03759866759793	1.1843198713717802	1.0707845704824618e12
319.14526750265736	0.8183015392323698	1.1566634657343552e11
115.57983561089384	0.9407209074066241	2.2201278648793314e11
9.327091309017248	0.8710159589429837	1.945331732454159e11
144.05138562576667	1.0145392566308398	3.248972976010772e11
348.96783971209356	1.1358994543277332	1.3091312460376228e11
308.2011154265974	1.2167670169315739	1.5773175150995065e11
170.5501942303763	0.9407723647226882	1.7956905894439316e11
298.63366777637304	1.036299341901557	1.3875290099094415e11
327.6788048315203	0.8577016358333521	1.170244050992661e11
151.99882915316437	1.0655178814253312	3.355678995306227e11
304.10775254501857	0.9478880518079169	1.0553649121800218e11
41.90591528243874	1.003661331423706	3.2195278935305316e11
263.9987440452377	0.745070029765498	8.886671993885974e11
285.72861713496854	0.8332985223598784	1.5045431537873993e11
44.50345876818773	0.9049436976444732	3.0074637876914374e11
317.65443407281043	0.936371399354769	1.540535775638815e11
127.64302919692585	0.9668274716721187	2.5418334392205774e11
289.1922040475944	0.7742835804555289	1.3146937050481863e11
211.28045607434183	1.2030849179158543	1.39178935943627e11
318.9907723808451	1.2806197179603591	5.72489584867881e10
63.13461878701571	0.890560054958968	3.395347272003183e11
222.03986127310702	1.0822340057478415	7.589696200130225e10
171.8681312645732	0.7040205057589096	-2
290.9173226351138	0.760120359558748	1.530490274339906e11
107.96041989260931	0.7286783295004945	-2
146.7943382609035	1.2188290711460172	4.3920416793404333e11
38.15154245087706	0.7460277679615996	-2
218.2268522673005	0.999627949739018	1.362410745650672e11
95.58002331549932	1.2638816083917923	1.5674993913419905e12
9.137170794271185	1.0223705883874366	2.113378318361755e11
198.09649065886833	1.0067210136180424	1.053256698789564e11
263.2049961265293	0.8441780771651747	1.3646227902969086e11
15.534698218153551	1.295929639267264	3.7096725306485205e11
34.69323422105367	1.167957911834726	2.37725864282819e11
27.35363657155318	0.9489868819383589	1.9372282924333942e11
102.57999853531578	0.7174774499390588	-2
182.1581004068105	0.7196795895644588	-2
82.52035579472886	0.9943897548426399	5.032239594031164e11
264.0431201169122	1.2772122936847965	1.3464525444943802e11
307.8473322539745	0.9081535017240312	1.5122066600137717e11
190.36408994308897	1.0802500066002612	1.6395147111846408e11
306.50134398014427	0.9152776028853583	1.4491694203613046e11
128.6530052008212	1.0099307694056883	1.4766101364962015e11
147.99689370195858	1.1762811164099005	2.046512991429252e11
78.79303131144786	1.1524788382806719	1.2025279101485742e12
89.24022948861506	0.8308016507920617	2.649500292231006e11
62.375787823589405	0.7079453709979231	-2
181.35954966920974	1.1442913274054896	2.0405934831934357e11
94.56422847508094	0.8763434336756425	3.3244044377981775e11
48.16461145790106	1.1055607660077136	5.0751710789827875e11
41.659312896908716	0.8152045246865132	1.755864319257735e11
253.47624617608062	0.957843737744183	1.40201920752043e11
16.427198177436708	0.8781408082341773	2.117635851832237e11
258.25224806492156	0.9843787585464885	1.4981240562840295e11
312.1668442255349	1.0159016594287085	1.1243202007060016e11
132.69383783945483	0.8845660597627708	2.895137472884287e11
266.30294813565126	0.9980708830666856	1.4506118820805548e11
240.80405384328822	1.0643444198992973	1.5053114537845132e11
142.35034348141983	0.8283775171821551	1.499394514170531e11
0.6270210078344576	0.8055689211025138	1.3851046484720593e11
74.8720761332068	1.2803845307249095	1.5716929892893157e12
137.79782287972284	1.2273356293732585	8.102529678063387e11
167.73860558616934	1.1744688896771145	2.812808806502121e11
113.36428368748045	1.2645540964379647	1.428875877642672e12
326.3989184161926	1.1132962191262021	1.6076749447100128e11
23.73844389463079	0.9674704143461033	1.684422433933332e11
292.29014742161485	0.7198550719874389	-2
212.31835254899374	0.7101037509959832	-2
266.6215490203176	0.8964555861927024	8.021554317714386e10
269.55861766022986	1.1795277609183605	1.405152789657654e11
147.09882146438514	0.9143493444404739	2.389650707952579e11
83.14731558869602	0.909372476583434	2.636048918848719e11
74.68922664262669	1.287162527613319	1.5889825264945437e12
209.98231528651263	1.2531268475748463	1.494318221984794e11
309.99709839365505	0.7420292484795155	-2
293.4211686937358	1.0816438571813736	1.4563195783762494e11
173.12623131878388	0.9852623701925753	1.7919935488481943e11
109.50767655453404	0.8128092566696624	1.7320272930230826e11
89.82208443258861	1.0532370291395063	8.380382331362175e11
107.82720828614208	0.9357778449226385	1.8375839346834546e11
313.2972294938279	1.2851334811263413	1.4616721256726953e11
96.45590859426073	0.8669620071159619	3.337519202780651e11
219.35453009745447	0.9322816609425795	1.547714665972092e11
205.62392249714105	0.8172200505673853	1.2145680106596396e11
110.57311588277435	0.7553754004650206	-2
76.18950474631754	0.8752503845488114	3.3708362671507916e11
172.90867303931043	0.9250577425084252	1.9323653403601077e11
265.9902969942543	1.2015738927113895	1.480160836676349e11
22.5454443361304	1.0251262384504138	2.4541301598490237e11
110.77645437491049	0.9406839114405985	1.822332088766052e11
125.5425387831911	1.0855408412034515	6.013204510242046e11
113.12972893365782	1.2178465838414332	1.2958229956914482e12
78.97256068032499	0.767853834057814	1.899935128967823e11
10.194858977772299	0.940315406141208	2.1894733991208362e11
9.152719112426666	0.8229967855232486	1.6728638288431345e11
251.23748238922371	0.8035605372382	1.383995770890044e11
85.08273885455503	0.9911690097085221	4.93577884103522e11
289.20397041725994	0.9025617357339292	8.615943002120688e10
347.9977625604922	1.2221518945083736	1.2610473048568478e11
28.417904878032914	0.7058655508296869	-2
267.53140864354543	0.8381293367542144	1.4261369914108368e11
243.61277915924973	0.8429868562313907	1.4869540808281293e11
150.21720053663012	1.1327525029405103	2.298103373070015e11
229.66250993154313	1.03320870634417	1.109137961873704e11
68.0806202654772	1.2072366276047417	1.2917032732256309e12
115.45411348366753	0.7065304201236748	-2
236.90950638327536	0.8844076875500173	1.2725176105834904e11
162.71735623197458	1.1290417323195003	3.1558707531781146e11
215.4124884854998	0.9818216701397792	1.568282371626791e11
230.54165280956806	0.9171151593884538	1.1914080384228958e11
330.3798274408708	1.1953657809465186	1.3584701546425261e11
97.84911159494555	0.869980233064907	3.340814712978775e11
310.19892184904324	1.0344537415945734	7.599928605984607e10
148.2695074951398	0.7056060617962325	-2
86.67938278490362	1.0416940676571311	7.797492791375824e11
127.86028472740901	0.7397506681658264	-2
307.09500562934727	0.919755474071257	1.4462719838149362e11
223.94631178899135	1.2902567939068335	1.644312225412219e11
323.2583467328607	0.85603319633791	1.0479359303566345e11
227.48678260329905	1.2601517520715801	1.530044264548197e11
114.23696624650933	1.0369479771486039	5.815751345083439e11
308.1751704753858	1.1773709291947012	1.506875749654539e11
171.88388795892786	0.9752042315090976	1.7412673653810178e11
274.67521441714973	0.7783388384329455	1.1981289433836154e11
231.7956679235907	0.7458864470594497	-2
291.1447192796189	0.9851092032990381	1.3337943296268599e11
3.2659840266146603	0.9453701584201	1.903448606357469e11
140.7170526420686	1.1757134538136245	5.25856167489468e11
187.62693331826654	1.2731913110313118	2.254960897862996e11
250.76554079324364	0.8101359847715001	1.4449994752382437e11
51.06217619450314	1.1233562288059369	6.75455290203652e11
154.18856552203897	0.7649614413101312	1.592745963630279e11
175.4837109143889	1.1035281578053122	1.466579791313308e11
131.9876887447461	1.1427961227370667	6.79355583161092e11
143.4710903992338	0.9057844678301987	2.561362133677429e11
193.41543324222334	1.0672815129341988	1.2262540066647801e11
120.05729411525328	1.277412690479406	1.3670433943883845e12
323.40876704205357	1.2581398105373485	1.5192090675795087e11
277.85142319954593	0.8598268491996666	1.226267007574945e11
269.35486554368515	1.2383037611527936	1.4806619352626434e11
5.02079904880901	1.2436579802131311	1.2706166816229182e11
59.44643562431855	1.2556201293697484	1.317200044844065e12
131.5976532283745	0.8227027732073221	1.4967661143860406e11
247.37600567970378	1.1405541868333928	4.820552545227504e10
188.3864444268645	0.963793635755507	1.6434615659876172e11
253.89377085349508	1.2966006965908912	1.4431091450760364e11
33.10740119296895	0.7816472581287	1.907645057062431e11
358.6945366990717	1.0263665736956837	1.765687392013656e11
155.9640481792767	1.0434233644173592	3.158842749456467e11
49.330862229253285	0.8611620489454416	2.311410651151768e11
35.6308209283514	1.1667715671667738	2.819867776753797e11
114.89244557178972	1.2078168324484726	1.241876524991719e12
73.87276957836343	1.040201803724882	6.975003251461704e11
41.32401604202255	0.7656175354117667	1.737534451076444e11
144.27601129229896	0.9294219346018627	2.890911382924155e11
25.966003811034057	1.226030953683014	1.8923018371237076e11
151.31758395907838	0.9121448566039289	1.9112914153616052e11
276.5621263203599	0.8747663262107249	9.701749141975165e10
7.00132004007969	1.0870904097625567	2.0609779987317416e11
342.09368139962487	0.9605360836355532	1.73962235212405e11
116.36101868235835	0.9761463398907759	1.8001580701750793e11
293.2882847865051	1.2980183030680235	1.3134507073807805e11
123.93286194289595	0.7088895412312151	-2
52.08677163320908	0.8462024047270552	2.0383211413316125e11
127.5717489495591	0.8428989921719442	2.1361435184885565e11
214.27240334200212	1.166817953665457	1.0305967258726851e11
24.755990094269748	0.9903902346923736	2.269902745538298e11
20.33524682814948	0.7044955799594571	-2
215.17378794374122	0.7391468148347623	-2
77.13643629597931	1.0232388931232645	6.372511586111946e11
168.91268095432042	1.2286637416808193	3.063119481721841e11
169.54072373953568	0.7807668220037784	1.6834326534264136e11
314.01368102240633	1.021174694367816	1.2677820432316788e11
318.1658857660793	0.9966859727937998	1.583397824250849e11
180.2994768396262	0.8229268248971563	1.7147855391262012e11
190.4342882653608	0.7725638199128482	1.4936473476435245e11
299.97739573221077	0.7428388075844018	-2
193.52848170205095	0.9575199538154668	1.2386368313678708e11
83.03604568323794	1.0173028205770176	6.412998595107911e11
164.60359591884503	0.747363167924518	-2
331.71890285631	1.1427471031209557	1.0395338202844899e11
243.02046287825237	1.2500550652771851	1.1616018632559148e11
0.33813473946395334	1.188188628633045	2.3902595647632147e11
0.17710273416543032	0.9576991301666099	1.646051974976342e11
214.73462614197456	1.1788823529667831	8.995741056553842e10
170.80193301750273	0.8942116941919803	1.9205267758067947e11
63.4484138801206	1.2344360893054473	1.315976314605821e12
201.27978524274909	1.0990934868574986	1.4016440563126062e11
205.86897165753487	1.1472116966527246	1.7532853884280746e11
287.9209431208301	0.7249411201645386	-2
84.4787456765091	1.0459359828714825	7.948020230166852e11
136.3106233015613	1.1050294197077948	3.7973919327790515e11
219.05918063966544	1.0857956333851093	7.838276532170981e10
357.16377932933074	0.7127213627957978	-2
297.1453687647721	1.2009827554029162	8.337055236708958e10
355.61927820921994	0.9510873475942091	1.2124656954235416e11
233.4233762525796	0.871760647078614	1.4590960152811417e11
320.26297153167445	0.9300374531414735	1.4296264306869965e11
129.32446580967616	1.0341563319243208	2.3311971878481888e11
108.74668672356103	1.0814002226753756	8.620691953562826e11
225.11601998799767	1.045501780278462	8.140652443647261e10
120.29961997606108	1.176837387845802	1.0588228652885005e12
203.2047035133371	1.2777855595976855	1.7601586377109857e11
93.42973587028621	0.885930337079503	3.217697832359305e11
34.86344063416476	0.7290918905536361	-2
51.65465918456039	1.2203184430564973	1.0528027531658989e12
82.21147484249065	0.8554081525973234	3.262108896742616e11
258.3181213411822	1.2013090100174002	1.4475288751659872e11
4.895479850158608	1.1175690244146965	2.18698718079916e11
188.9320033702901	1.0225879042881774	1.6899151499200574e11
171.60432054081207	0.9037108638345419	1.9262025722908282e11
170.56435964104332	0.9634836761018775	1.6975840166543048e11
165.0093665971816	0.7848166403866005	1.755849312554893e11
219.0971670794744	0.7577933080692689	-2
48.428883322855995	1.2470214190188507	1.0595079741165597e12
340.5286156269001	0.9096704174863334	1.67031762917776e11
65.43943122035932	1.1473618713259779	1.0551797258715138e12
7.1264158079018785	1.2767376036979832	1.8270805084365976e11
54.20431427223042	1.1273981312236134	7.720500581763921e11
331.46116151739363	0.7219922011269628	-2
2.5141523027991752	0.9494298066426056	1.853975058421889e11
17.473461634902208	0.7836451075140128	1.6736298652979147e11
77.9588567062641	0.9968349495965212	4.8845244431694684e11
239.09438762015066	0.9618051273669759	1.0236129206497623e11
150.56978028975283	1.0476361021587488	3.355667358430434e11
212.02728729451644	0.9394401670070972	1.5938127049980856e11
192.25246080866873	0.9585979781592245	1.3331925278174507e11
308.0407267005677	0.7162572161046182	-2
353.4193372228534	1.2825114110595939	2.0239981586260406e11
88.26162883613017	1.0299935866256371	7.232027433391193e11
186.07583862419187	0.8611083935884063	1.6273130422860794e11
29.04897573754681	1.0912522938323561	3.511236695411802e11
199.8727293695523	0.774834701238749	1.457479586094411e11
150.29447778358394	1.132942459044442	2.315052327439231e11
60.3070978799401	0.9015211092630477	3.4048364926102246e11
58.21440250192347	0.7475008018911234	-2
74.10014181525338	1.0264999958682228	6.273505572129943e11
157.51570992016343	0.907043842162447	1.3994467932145947e11
52.05133247774211	1.286773890827042	1.2651320902168464e12
19.094557479857144	0.8533167607033073	2.0915584589929535e11
330.547210724111	1.1585975561661586	1.2657418074416676e11
104.30967534878175	0.9225674938024987	2.248581522795766e11
21.75834682015767	0.9786289371763568	1.5435507109670114e11
55.59612379381963	1.1765617765767629	9.906757924665779e11
183.03829616001553	0.9520330636574234	1.9179631173287796e11
191.22409620770657	0.8235528381305737	1.457869445905857e11
259.0026626349519	1.2188983816595902	1.5013832013434045e11
228.29686965467408	0.9665254357043332	8.503023557979709e10
112.72271975932733	0.8115279083469424	1.636483573101648e11
354.98604244501666	0.9325141759686472	1.2174840170871272e11
36.60587292802859	1.089544220290788	2.151062858116425e11
192.0538170064741	1.191501136211566	1.6175221826053473e11
7.0889081072571685	1.1343252622123015	1.733432861801678e11
283.12421189024735	1.0996419805199114	7.047856283158383e10
67.41796612621818	1.151030515786486	1.0945596612790419e12
296.09772336375886	1.2374653878845134	4.411286489668813e10
39.218858688995226	0.9826429191972356	3.489305229984641e11
98.49575372004279	1.032917323770694	7.179433441785875e11
293.996891354254	0.8364595680822808	1.499180032388921e11
299.3384448277311	1.057219411565332	1.4624702986198618e11
104.49817434995663	1.138839220423388	1.1253687383289617e12
343.518969003419	0.9563834318048192	1.7533083909046033e11
83.48771813117577	0.9968713305402203	5.23369601729135e11
277.0771617684352	0.7466736468789565	-2
301.9934799857698	1.1372466865700626	1.5479184644222693e11
159.36481765947474	0.9461329342363162	1.5391211666254086e11
296.4616051751881	1.110691865229443	1.4510347646230356e11
105.92279130680089	0.9861596871899241	3.8913475057417145e11
315.0534670922816	0.7212319170557893	-2
73.00392595251009	0.9713882836026521	2.613091043824598e11
26.70919717867298	0.9618805419247414	2.0800370211227402e11
354.30214383783084	0.9918284565530981	1.1643689507073077e11
65.33023059759381	1.1187300357628531	9.448030463148958e11
325.7857307197546	0.8152415289057623	1.364542614014591e11
113.06232077343014	1.2591061897413758	1.4173584239464092e12
185.69956240128647	0.7467388568492018	-2
163.69670667569676	0.804899436271291	1.8670369173919287e11
256.77710753940175	1.1527941956842593	1.0836151552384267e11
83.9924308113695	0.7661108560201269	1.8664827235111563e11
93.09164763125034	1.2347142952585384	1.4904547003483123e12
229.62354546686208	0.9820817999682648	7.514055003004932e10
95.29110466205827	0.8562398481247996	3.262136643403318e11
178.98903970867764	0.7270031695686193	-2
81.50747427238008	0.8457782068934889	3.047697914571308e11
93.53095749001017	1.2079330439409566	1.4090514255946035e12
32.056061264294954	1.1836463107567121	1.707291726312845e11
42.58973868642005	0.8930236178505716	2.6031471314234818e11
260.7464928206206	0.9851259081043211	1.498893951880731e11
189.81160620025776	0.7519044283312221	-2
143.08951381089673	1.0896066599395868	1.549181966836847e11
181.0308016696216	0.8625110882586627	1.8303693570890195e11
217.41422625363327	1.2147248368349846	7.985696403017363e10
294.85273460101234	1.1092488941572072	1.3854440947741663e11
228.45563161999837	1.2845366937060472	1.3705814685835648e11
167.68054214504195	0.9710796819775231	1.434506660849433e11
83.29673216620563	1.1124986651415065	1.0766982217785531e12
184.2572701555921	1.1205405870267793	2.145751352499386e11
352.2713611939356	1.1646847656791925	1.1789575283726556e11
127.79124810326755	0.8320516686093529	1.7963146568313507e11
25.25510722497887	0.9160092007166393	1.409887785967088e11
179.58326712125518	1.2553247574796884	1.2785803187481068e11
298.44774446636166	1.093173755459763	1.5356443567412708e11
219.80566980397202	1.292194610950122	1.476759815009566e11
203.03264834116771	0.9688977607165096	1.3127201857906126e11
342.8540766453193	1.1317976843496225	1.8828428854280078e11
294.2285016283013	0.9524235562264934	8.355789871070293e10
280.12888285409906	1.2719202740215882	1.4849064903812097e11
103.45446453275514	1.2359069649985581	1.4457662324222227e12
156.33364930253651	0.7100110028930756	-2
336.30183021349296	1.044646061272568	1.2499743668031367e11
218.93092361311153	1.1712177843622054	8.349627217869398e10
95.9834836133274	0.8043116533506388	1.5938106487423898e11
52.0906954248598	1.2387475073926937	1.1218903275972131e12
204.51525049284555	1.1864278820438914	1.7552999023604767e11
127.45780060300388	1.0375449030307848	3.04670777535228e11
262.275183478019	1.1630476297372419	1.2914341733209125e11
289.03291854464237	0.9637778006351218	1.2148602367680673e11
187.51966550385782	1.14967685554384	2.0649787228495178e11
269.9854063767094	1.1743611604934399	1.3772055347532675e11
11.432894045066519	0.7895848474219511	1.57632276374864e11
82.70932524444083	0.7528592934807822	1.8539837133458542e11
274.48658474336924	1.0325878725799122	1.2441016412222633e11
30.390329662206796	1.1080232059315258	3.2108900496466376e11
342.2157278522226	1.0320595865284732	1.790994176269542e11
64.2115353031109	0.9932073605517363	2.752207800307568e11
353.73436777293887	0.9203312467134195	1.2682902761003664e11
109.44677123011223	0.7518009964988241	-2
188.23359361816551	0.9461428621684362	1.6301921252810892e11
250.1379935289957	0.9493871155422129	1.2760352518142488e11
119.98548280155171	1.114194410566449	8.366599751593429e11
20.187841982957764	1.2267109819509776	3.568252432749449e11
250.06596026591092	0.9601035463884711	1.3683838456355518e11
288.932946720735	0.9674448783480989	1.2557190150028168e11
344.49755766306885	1.155278131486643	1.8568749205924216e11
343.67849479783604	0.7087744750492331	-2
311.1795985656265	0.8313779207407436	1.1615952113919452e11
39.44814866899901	1.189536499372335	5.649287875582897e11
134.9732169761337	0.9008572039076683	3.045397018575135e11
356.4136127404022	0.940242425419299	1.2435350886335823e11
227.10619030876467	1.2321943747792914	1.593344996184949e11
355.20005564143287	0.9714179036597628	1.1964629613862181e11
307.4671252847638	1.0299752791441406	6.81527260397262e10
239.94105047547453	1.0170656807025968	1.4826622100110617e11
90.20308422565552	1.099392648973372	1.0363201969937971e12
18.36049653609581	0.9070498291958516	1.9669725857198315e11
250.52615616351056	0.8534573112125231	1.3370510992678482e11
304.45333861556935	0.935715878917774	1.202184403150556e11
102.40006131738863	1.1707101997078835	1.2505675205996028e12
264.2604518240761	1.0975756214954044	5.434534447134742e10
188.32216381531657	0.9565562244892123	1.638034764331135e11
28.899113852842333	1.0350230876837117	3.425297641027501e11
112.81645538205021	1.2086591223911025	1.2716382142872942e12
336.6339364662947	1.1806940726340407	1.1988772673559825e11
22.247042954345716	0.9680429763220832	1.485310835737547e11
217.78525494883343	1.2232271226415312	9.000801341702936e10
315.4027034769483	0.9692914238878261	1.5510893126106274e11
18.286939761177223	1.1561806308521527	3.351411227004777e11
298.00297362248364	0.9613873433067925	7.466015587732347e10
249.0072954044349	1.2657984161062366	1.5043087173108307e11
330.0083294205605	0.7540267064066779	-2
311.69771580587974	0.9778185563792168	1.3458457795798892e11
23.738991107243123	1.2089664240795754	3.108312015729533e11
20.65311703523753	1.2589410426033236	3.1849101219530145e11
303.6560429958324	1.0157150647511162	8.509956790526823e10
112.78912691835149	0.7977689396706671	1.5193512162274982e11
161.16960814218805	1.0786813510688487	2.9244390121879407e11
213.04616335596825	1.0874512605655275	1.4659023868656387e11
309.0773339368733	1.037743574613806	6.721654960789271e10
32.47729990279578	1.2682953258384282	5.590264894320167e11
267.7629720641123	1.0921378953496885	5.029076017185089e10
214.25576772262752	1.0947747563535914	1.3222245428970795e11
206.6979217976143	0.9869429941062544	1.5580150020440518e11
219.59137985274845	0.7782282028971222	1.3236429081640324e11
57.7238695989418	1.0925975365100138	6.998983799590745e11
252.59705064103673	1.0795818127319314	8.869347070824402e10
331.932405486751	0.9941246844390966	9.22738208468491e10
350.8757145071977	0.856032544098422	1.4575608817900552e11
94.93558093379613	0.730907337883684	-2
213.63440013416152	0.7252586826083851	-2
116.72030669868644	1.1209473170939455	9.173676909342937e11
211.70529554899008	1.2611187511161304	1.1851281911088937e11
42.266921799774025	1.1910393128983823	6.787308420548624e11
326.08973722947314	1.0934712889843912	1.590942329008174e11
38.17493560532182	0.9262599195705049	2.888491890872298e11
165.22151884172	0.7170799547425507	-2
66.93834138120172	1.2225918816892485	1.3260215916777888e12
102.22252224798075	1.2794714233233042	1.5774844576413098e12
106.85220975750343	0.8950446667161823	3.1840180285381537e11
141.67832849484626	1.1343624999022368	3.091756914065316e11
351.40149376408624	0.7649958295501942	1.473095900905801e11
277.54703301556253	0.7157467916334254	-2
255.18284708602675	0.9300089704286737	1.1569396691883182e11
65.06113271865382	1.0097416547894913	4.016410502583405e11
321.2139728258428	1.0279939581135007	1.6166233986346362e11
333.75105133622515	0.7543781878384481	-2
58.47898970186458	1.0010529903472087	2.0489962509762192e11
215.9034213649852	1.179209278742896	7.24002293557694e10
209.37688053311172	0.7467792972702968	-2
319.66397001093287	1.0388592906663048	1.582241218237661e11
351.2305557604327	0.7877047013752181	1.454305027500325e11
280.7869343139972	1.1948017389833738	1.3211569872098471e11
318.0506080392023	1.087882813440403	1.334706565347964e11
131.67434623814705	0.8860103944882503	2.97201747371682e11
260.3543945257027	1.1271234797680165	8.827122487726488e10
14.137973137677761	1.1402466407406109	2.2551083422343875e11
64.20430263437436	0.8050430509053694	1.4966436642635324e11
177.98111101997722	0.9273527456126027	1.9835747489083765e11
150.57102364276307	1.060182883085345	3.323292717378858e11
272.7558174699602	1.2697934662036074	1.4004263462874783e11
253.37726112185464	0.7064340473913449	-2
308.30689901903634	1.224500447414832	1.582596859170567e11
275.72422970865557	0.780791413741434	1.1767216761920184e11
269.0818814519964	1.2145529026871669	1.4549389628609134e11
177.09956163482047	1.0511620296312922	1.8882752125050134e11
83.07365218057595	1.1879062279474826	1.3404837105393577e12
40.85843807697785	1.121929786732127	3.0990693517330273e11
157.22184049539328	1.1816857798190965	3.066973926130351e11
70.79088622197423	0.7045035815090487	-2
200.19790519997048	0.998322343555346	1.1698914429360287e11
253.71555786007332	1.0383527591915396	1.3046685556434335e11
306.6512784535505	1.2645613386651176	1.505707718187562e11
219.6345823154752	0.8276494901146947	1.3005173461044987e11
326.1905330497914	0.8533621766117767	1.1335024100407516e11
313.79020500431875	1.2203284391364062	1.1297620177269377e11
239.71541518175343	0.7851924731090127	1.1943182149816063e11
250.25246385369337	1.0535583875967758	1.2784843635073636e11
300.7948219071079	0.8479282304194681	1.498018694896124e11
330.0021487306376	0.767503876431176	1.5900606557613855e11
143.7756713443821	1.252462946344854	6.858840071404768e11
320.4563888958911	1.0136466569358302	1.6088497744585925e11
279.0726727343464	1.1591726379243192	1.0847207613926678e11
190.30051568120314	1.237807636490027	1.9906028899044812e11
0.2080456389800247	1.142053808347208	2.3436674270373788e11
162.7053049585652	1.0344701417244668	2.1769803065785837e11
328.39585221763	0.7248920338912315	-2
318.17322201039474	1.1546744902194226	1.0191095272602725e11
195.2699426640662	1.0063008928179653	1.080567670873366e11
321.49308402950817	1.189559823428764	1.406717498097628e11
75.22917465449075	0.9359394885173624	1.7587326437102158e11
273.325722321919	0.9065128384510887	8.770873198554817e10
122.36550580054416	0.7870736312944973	1.790957499946649e11
352.73203370344766	1.2616596395249366	1.75234084771542e11
148.03814494288667	1.2954392665204026	6.509465114790421e11
65.89964374620371	0.8718104870368918	3.289415020697796e11
312.38922299679507	1.1983652098621418	1.2193255362303987e11
271.29455604317434	0.8964743945234876	7.881815856916394e10
11.66107141498884	1.1827546385711416	2.1256834999282465e11
219.6210962367121	1.2354961581703732	1.2583875454236423e11
333.2172323546157	1.2352320715266745	8.539207343774182e10
88.68226575121543	0.9301985880037895	1.6036172919638248e11
300.8703975889862	1.1049391392631611	1.5417509299764014e11
247.63301606607945	0.7604560467687861	1.4677679506620703e11
133.19996024414894	1.0534516780273002	2.2196633426394055e11
200.07000129491234	1.0200490006836445	1.1841165389412823e11
129.50923263330344	1.2123677512318134	9.875268673665833e11
174.72575545563018	0.717270763058437	-2
229.87639495606857	0.9561945775282672	8.479110225601857e10
195.9305267511802	1.1312429715097396	9.5939536882934e10
19.70918964514135	0.9149455919906889	1.810924507032518e11
267.0030106760387	1.1770466897745893	1.3982068919851938e11
54.78910423601906	1.2454965887726592	1.2006069973566694e12
244.90172495449076	0.706787959549956	-2
140.20486109270752	1.1686842154872834	5.170934096657278e11
133.01967765084794	1.1061549371403394	4.942203956860622e11
79.40639524440877	1.2211647932121228	1.4288749920095303e12
27.873327064104046	1.034265614571039	3.3498853882997003e11
307.4120557515555	0.9029607361457485	1.5179240344554968e11
79.42463408187285	0.8148801874604946	1.9097460713996915e11
153.47666142437038	1.1642572862251	2.5019989061813177e11
101.69016774287206	0.863185848708965	3.2990023820649255e11
106.00078208350885	0.9762448830191395	3.2003597255018304e11
271.4368351720167	0.7468821613869107	-2
300.3531282608234	0.775612719434256	1.365478292385258e11
44.8666353662872	0.8285755459804891	1.4890664044615872e11
11.006259582775044	1.24960822567036	2.8308241803387695e11
7.621379759383103	1.177483803852551	1.2617141133141614e11
202.87677195850836	1.0526775701596658	1.4753080799742813e11
148.16045698728436	0.9943469337156272	3.282208292582621e11
120.37168465753348	0.8853792829771915	3.293141037938871e11
353.19926020703986	0.7254711158013855	1.5182536005478192e11
318.8177925651363	0.7447234337400579	-2
278.68640369177217	1.0922717030485187	5.766105867655826e10
311.8681048450269	0.7230114480999104	-2
125.17661780375806	0.8875034552481107	3.219476547422961e11
80.15008877065367	1.130567423679203	1.131298233941979e12
214.22923814138335	0.948549396106656	1.6149812027580905e11
246.72063908593543	0.7100956258108491	1.5228566827368848e11
308.13791177989367	0.7084427718725849	-2
178.8279174911396	0.989525044635368	2.0340058902199008e11
1.0871098962548444	1.2847716481474794	2.0237543627805856e11
170.4512345089429	0.7330815237507895	-2
34.647374763577545	1.2866841364949262	7.263317500996765e11
140.56026909882007	1.1042961693264128	2.140489922692366e11
78.18451310696975	1.2988246294578576	1.6435004727052334e12
229.5012719650921	0.9528550661934332	8.968085401023819e10
238.213885125327	0.9572773548567703	9.32349359067968e10
35.546331170344104	0.7075640864186739	1.6096325243660764e11
184.4770709123809	0.8405749601750677	1.673981514960245e11
153.49308873275186	1.0732012133402917	3.3720787195421436e11
156.4142575762495	0.7514132487268281	-2
350.1159481528848	1.0640973278384789	1.30000706627306e11
86.3300325844802	0.8938733182913104	3.0784101285919336e11
69.38713205450824	0.7945279747592341	1.5962214006234473e11
263.5565168855519	0.8224632105700638	1.4907530371922247e11
95.16386165557736	0.9650732868534817	3.1460888173860876e11
126.18864728310245	0.9977643332572959	1.4692778945510156e11
53.95236574069827	0.8371526493270515	1.8606935816631058e11
326.9877946366197	1.0885778888637407	1.523498158605079e11
193.94573942085106	1.0222922777458494	1.1696499551947093e11
56.325950722265475	1.2671099194669166	1.2953152899858604e12
126.92626958665693	1.0741921782944326	5.140634442860685e11
272.2020469207407	0.7282101363770399	-2
248.18433890752453	1.170722670464183	8.069178357379343e10
10.29993128590769	1.0537127683332572	1.7874429314915436e11
4.80570503734458	0.9476513419133104	2.033303556287989e11
66.35090305962012	1.096833530203222	8.696887506909117e11
199.953892424532	1.1689032870519616	1.2989912083788676e11
214.05178213357135	1.1121665834891923	1.2824397469732399e11
315.09259192065804	1.2373247007008987	9.922676320292116e10
358.21889515189616	0.9810448097065189	1.5048618039534766e11
220.1040210835365	1.1823538585565665	1.0686492285984975e11
11.513201580680288	1.2972772592236974	3.427839972704375e11
212.0153037559287	0.9777914247185276	1.638254126857588e11
349.6008340226358	1.2737660728756452	9.752255905398119e10
96.5881981698077	0.8952640197205585	3.0410221369813696e11
291.7810334782256	1.073345757811809	1.439125192493129e11
114.04047220241097	1.2344040901834896	1.3336031772902405e12
99.90916387763832	1.0378634962033653	7.352282308038446e11
269.9570848384076	1.071660551798905	6.4390962357990395e10
225.33362274927845	0.9551058282520051	1.1474748484763118e11
196.17070833004323	0.8714697504092095	1.2345287118764183e11
341.89258539603543	1.0839602873946355	1.8173082501975494e11
41.577411381475486	0.9894474906466002	3.4012323904706116e11
325.0349435184388	1.1402163318661136	1.6735242355116147e11
234.1619452698386	1.17631928545929	1.3362936461488196e11
347.8982942913908	0.9885860692056201	1.6238877972242438e11
278.258185202934	1.1775505060730316	1.276387074244609e11
8.860742710491365	1.2138642699342077	1.6082118032469873e11
188.65867166661167	1.0282019911062248	1.7245773922601828e11
321.1761777972023	1.0444373539122922	1.617916051389867e11
258.06337648888086	0.8457795112976173	1.3626423396332947e11
323.50466547591134	0.9419425417638545	1.2990989021559819e11
12.160180338405837	1.2665455957382044	3.294053056772346e11
340.0448917027809	0.9541975457946934	1.659422725347097e11
234.2721006180684	0.8443592622294326	1.5262544574689706e11
260.08305324388425	0.9321077999017368	1.2417300170260205e11
266.4058494884591	0.7783896478723381	1.1940809731864655e11
154.2735714118868	0.7633915243869914	1.5533235121444366e11
178.14580042947705	1.159493332211095	1.5686337497926846e11
180.02019588958433	0.772294842887099	1.559050733545926e11
31.21386902072419	1.135068257203853	2.4712966269401654e11
257.6241012756027	1.2715409418213401	1.4533450611515286e11
116.71857843763655	1.0685114445854382	6.973865242468392e11
235.03628581537953	0.7337257775582253	-2
170.21608568149634	0.8355671521498477	1.8963993851608838e11
27.445528419504512	1.1390068638895168	3.295230624563985e11
172.54587398361286	1.1653538971566524	1.6071562277226135e11
170.34931727019	0.7740265826154094	1.6267689302057944e11
18.179641731143874	0.8238853310280047	1.9895540608703088e11
1.703635192464617	1.0330957081871994	2.134470848044952e11
261.80920416353865	1.2896361618625538	1.3019850518845802e11
195.41674545572596	0.9698605204122589	1.1101462753548999e11
335.13847134780656	1.1566892127312456	9.20463967058425e10
272.2425520592162	1.1993215801310224	1.4649980668667368e11
246.64353969026513	1.080371996525186	1.1929331934074287e11
26.269629359179987	0.7973014642396189	1.961313632176729e11
36.07502785765081	0.828244294049674	1.765637723096848e11
350.6162775716324	0.9460869233648967	1.4259472025607022e11
31.03345464741153	1.2742665691232873	5.0646198587820703e11
356.2925802029953	0.8606744442917643	1.2999361539970107e11
197.00817340145272	0.9473918960649202	1.085260688665162e11
332.93211087263796	1.279902887944012	9.253989636934886e10
23.98475030152025	1.1617610362493784	3.53798327132526e11
314.5312846458917	1.2562051886134997	1.1911363499750914e11
169.0167749493412	0.9902145803427831	1.4242724070924857e11
87.033378250096	1.2843439260583085	1.633608353640774e12
333.0692117198025	1.2867064517117808	8.94247248337223e10
156.2571522309139	1.0680313792673197	3.293554777314204e11
9.292600202735628	0.7985708910909659	1.5599951421041434e11
257.93050322687577	1.290117003362495	1.3757653733219714e11
161.50165831774348	1.2515702060561429	3.121702993751238e11
184.3481200355527	1.0986243034926946	2.120609410596165e11
316.53806982969775	0.8503797973393982	1.1354281921283833e11
132.34963974893418	1.009033822161731	1.8079572370102274e11
255.66425163230122	0.7761446893133516	1.2242793914220003e11
85.70486103631458	1.0799725776796272	9.52143507130097e11
309.83728104565284	0.8067587485022975	1.1131949576190126e11
241.9324982005163	0.8064263889959132	1.3704085122191037e11
133.1642694864035	1.2356682668943995	9.695434059760118e11
320.81135152915533	0.7614712221171924	1.5129896207169113e11
120.57210248686482	0.9586531623341935	1.9897739638194342e11
77.27541098724794	0.8943916411301641	3.194832556855918e11
325.83151255622647	0.8398429492092495	1.2011778059183708e11
132.6400154667134	0.8650520663591539	2.4684871607193243e11
314.0831875661296	1.091743263212415	7.773074506644347e10
194.23063185518868	0.9355313677343267	1.2144651145477254e11
318.1205572650848	1.1673010377420379	9.41178934643162e10
190.43173593919016	1.17756627388234	1.8318129440889233e11
295.6161896005359	0.8015753496473957	1.1777756195685385e11
90.58834689036303	1.241265337375376	1.5129790402693655e12
296.2696462068867	1.230122309848925	4.2993057062938286e10
4.739928452741822	1.251617018936575	1.271483856659102e11
180.3548674442228	0.9802408859784318	2.0304012194352124e11
37.14377289195454	0.8706019261046516	1.5685712753535483e11
246.66742602791908	0.7443764052887367	-2
76.2680970021633	0.9528657079768699	1.7177959513403592e11
68.28625223657326	1.2616710811316707	1.4578701202159014e12
307.9170884059606	1.213246762237637	1.5776910169121014e11
256.0463037767604	1.1659879873737466	1.1883792252017699e11
337.205577613375	0.8163553986234197	1.5989061017558893e11
19.441585125494555	0.885516058974684	2.02235344779755e11
122.99901150551864	0.8405667355904701	2.2853853104725653e11
211.13847152208245	1.0699074875545533	1.6260261342890546e11
125.62861259269255	0.7846509577863372	1.846519809604321e11
327.14305498359727	0.9124900840599436	9.921455135253914e10
358.3049807182365	1.1698694083386671	2.2963784023378925e11
290.96137509855737	1.1572806216232783	5.803013059190538e10
320.7612497117609	0.9871030183232621	1.580447272023489e11
224.21301701735047	1.2181826598663394	1.586858346178026e11
88.08716358780401	0.7095611852767947	-2
185.8108982775966	0.7477371850803868	-2
58.99980718318761	0.7348113834128519	7.775275523800296e10
327.480162367052	0.7772592074535072	1.541003532834167e11
132.52570008551095	0.8683646947707324	2.5577223994486053e11
293.3122390135924	1.279572293075527	1.197025099089561e11
341.82418617481096	1.043411034450703	1.7851588133885242e11
218.82798945296236	0.8269471745442687	1.2834979278282481e11
338.64870340499454	0.8158505293323574	1.6067695317384286e11
217.08484089402464	1.0432126637383659	1.2462470770190572e11
258.21861179615894	1.2411021134352587	1.5068919074117557e11
137.02591147751633	1.265097444587522	9.512889885792748e11
48.55299687120464	1.258148850549621	1.0974046634175334e12
234.0051108772733	0.8405164154477227	1.522272699247949e11
237.3155802259065	1.0320896986003611	1.4841326966961395e11
222.34643404000565	1.1942982659414465	1.4006866520745844e11
295.82724601415987	1.074891098740282	1.5239838864994244e11
131.7262363443108	1.2830354508006134	1.145324586541935e12
2.2630899998284804	1.1790961976306775	2.2830815358986157e11
317.6576575984607	1.2658070817224245	6.133530349109653e10
316.38850073731965	1.0066337718745124	1.5022602869390536e11
15.628142106467237	0.701343231497882	-2
216.02817760723576	1.217437387331902	6.50830640685455e10
192.13094436693996	1.1287160089179569	1.458443739874447e11
275.7523235608925	1.099500417102799	4.837583152313749e10
325.26491962696025	0.9559717999743973	1.2344106576327376e11
336.81236749621905	0.850213224103098	1.5817034130732996e11
180.99285973463338	0.9435287673150602	1.965895557696221e11
258.10804995153546	0.7642511211858125	1.445684279323131e11
183.25090544751686	0.8107392771625346	1.6205922675729776e11
328.2945415801619	0.8000804455197964	1.5020788535464136e11
231.5580104032914	0.7167054119221414	-2
93.45055839093749	0.7078409245840187	-2
220.96999057053551	1.0096047039262361	1.0730410321025108e11
0.8035157397262651	1.204254333021159	2.3593296790653156e11
339.2029726251816	0.7069132356962597	-2
58.69462550815388	0.9863742747467038	1.4872323351980765e11
310.9645745681005	0.9220100680477881	1.5380223161725177e11
86.12902579183208	0.911352053557986	2.4969566285116504e11
312.03204145509153	0.8002055704679508	1.1811818841906247e11
23.915541264796275	1.273139834921864	1.4989449996267694e11
39.95190580223158	0.779491075519387	1.940561733867108e11
109.22398038293471	1.2250191017447831	1.3624152256813298e12
204.5873207699675	0.9007592525694132	1.2244605774018475e11
53.87815129886076	0.9861089719181678	1.933944236637829e11
34.654039299873034	0.851186742571097	1.530291272140511e11
114.46730459073257	0.9770662907512168	2.125609387957994e11
226.3117636625335	1.2099645443413667	1.6127647382014404e11
334.26665488735534	1.0647242653094993	9.413419329120581e10
316.38503236487566	0.9193820990859665	1.521747340492869e11
103.13991843173409	0.9712466746076701	3.122373978702972e11
133.11976991896188	1.0701661615987312	3.1323084298130084e11
95.78523805442285	0.8847246326494128	3.241004905173321e11
62.30503162622324	0.7816724049085756	1.911589775254535e11
136.9105581811424	1.28625826814045	1.0164002054310206e12
75.92211046109946	0.852316174488836	3.127609276749901e11
357.08212420658265	0.8025246073403008	1.385476128793305e11
22.3962738571322	1.2266720826135318	3.185357036051276e11
335.0865100739144	0.706836468699852	-2
182.90904196241593	1.0224224909171769	2.0464871760536127e11
275.614922033251	1.1219451026816831	7.469288836606186e10
207.66497734784105	1.2732226298231673	1.7399512654079422e11
303.20947687950695	1.236915491677238	1.3159100096921953e11
5.407910556417619	1.218152724180046	1.3928930028584637e11
129.44884194337726	0.9301106780968693	3.2971877117821814e11
106.89570407023979	1.293481959770226	1.5783912615510842e12
20.884204024511746	0.8231585848119797	2.0310448076145615e11
141.66275801903316	0.8375543507866933	1.459908940328775e11
220.17464601233496	1.2473959056954267	1.3751086393039517e11
183.2489603991139	1.1719017553522941	2.137580355376906e11
237.41020194825762	1.0729249843467819	1.544410821354561e11
330.66678563050857	0.7950941832666932	1.5458747314068277e11
165.0070600210655	0.7824496661026847	1.7389043130762317e11
270.3127531513967	0.7124157126051124	-2
55.2568424132059	1.201721892130327	1.0702815154294226e12
60.678474648794236	0.9609753467709936	1.9845385679244122e11
357.27207249144055	0.7832700513446432	1.421053718219805e11
100.37334570030254	0.7479086727435216	1.1281641677300836e11
56.67983850588024	1.090749864667766	6.684914496389808e11
217.75885242613765	1.0881751429169144	9.169229058975554e10
170.82125326274183	1.2645665541919617	3.009188241794914e11
204.10692637240345	1.192394254944812	1.7436071294800906e11
188.88374974407975	0.9399217914742726	1.5806607030964456e11
302.0774088706164	0.9014417992621232	1.3853106904320886e11
8.45005591997068	1.146721557106528	1.340215788009672e11
177.2394514755756	0.8614792107451131	1.8732646922289206e11
56.79927255834781	0.9708754147793168	2.100544508290016e11
80.53766806506644	1.239943891814392	1.4903038082484756e12
211.02493693018494	0.7448997059066947	-2
304.8508589986574	0.7406301742431132	-2
198.72282604269958	0.983282188683411	1.0783541443170573e11
150.54501358546986	0.8142823072028776	1.810127766864464e11
269.0262046066092	1.1012320677500727	5.907781273299955e10
279.74396383433634	0.8968791840516562	7.580766799232599e10
241.18360091734314	1.1777467414272038	5.588265062412703e10
109.79892645382802	0.7967180061160714	1.519246875986652e11
42.77395200916408	1.2240320942094272	8.182470798115e11
171.4555086516234	1.1846884581469759	2.0963131023145847e11
5.492622384581296	1.126053914741796	2.0763513680038535e11
144.3973618638767	0.925263694150935	2.819456454695725e11
189.75347930725218	0.7882609460174084	1.5128667630168274e11
172.95667390333347	1.1244373428961687	1.2450646486781557e11
82.78601202751241	1.0551303175445808	8.323293352985686e11
66.96649603648865	0.7489422686728163	-2
205.35637994816466	0.8372021878144563	1.1708335603572026e11
315.3756396907563	1.159721576453384	6.04992768428902e10
351.26344813014634	0.9608622791454283	1.3599587845888449e11
286.85462235298155	0.8842452229759655	1.0438852480538358e11
76.70270800864091	1.0179774284198402	6.04359826886124e11
272.5139477325456	0.7532609945007663	1.3742988369883424e11
322.1785962690733	1.2719010044653725	1.3043173183725397e11
17.516590447184797	0.9472214111197189	1.7336481571044846e11
287.76101625216063	0.8676886955079387	1.296773620332835e11
32.64489655229454	1.215536694336219	3.487877049294151e11
273.88953903902575	0.8201212872168419	1.4969445311116943e11
208.80046721579174	0.8132643618952007	1.2011220864647568e11
208.39876824493683	0.8012813527842952	1.2513777689505069e11
9.787395034618726	1.2149428608172927	1.955303900171441e11
58.44032698910479	1.1349121023909268	8.927115813069536e11
100.18798795827382	1.2340496710694786	1.4614941690293025e12
194.5214123419504	0.8041008406457988	1.4266581989403766e11
246.66451148390672	0.7025483698162629	-2
196.248823901871	1.2921471018453257	9.272345632337007e10
319.2750410876283	1.029261937059997	1.5803420710459988e11
225.7525595377898	1.1387543170106136	1.4446123402363577e11
170.34942206416304	0.8672724397198835	1.9289576273414868e11
325.31654846977995	0.7812322112635633	1.5280830281292664e11
341.8873783885639	1.2180120172928612	1.9277283795095993e11
58.18974885865026	1.1779235029557518	1.0465696135865413e12
282.2433248447769	1.2093450566010693	1.3625414891549347e11
99.30370708269356	1.2883355200565625	1.618910413099907e12
26.915028276586497	0.8588213985117276	1.8370856331125485e11
120.12009599210381	0.700923437369872	1.4563834163889496e11
147.50997422696815	1.2329646549452191	4.596394581555808e11
272.8963371846728	1.2243693746508173	1.5029279903813443e11
19.202224392080268	0.8522376350836341	2.0903933606503247e11
25.5609557079992	0.7355958245566798	-2
40.386103382669944	1.2167605580838126	7.08347807974111e11
335.14580754499036	1.1955552728523025	8.846869705899475e10
279.5553941846997	0.949634105360851	1.3234667700308725e11
163.3793733712073	1.1352404327136318	3.1266897670293353e11
8.64387452980742	1.117175816414603	1.5545027105941095e11
296.0422115004021	1.0116388296380436	1.3423677602975974e11
100.32818792088324	1.0028638522154227	5.420530525474612e11
15.010341274655104	0.9686887470771464	1.8235902054885275e11
356.9588518822263	1.120553846592563	1.9361452338635904e11
27.188243485449846	0.9517473250645613	1.9638880387304144e11
333.71965915440865	0.7828298129800468	1.5572694317949927e11
223.68427995397872	0.8746073771542442	1.554787286565427e11
293.701045845987	1.1590829557191988	8.67135366478286e10
63.81571163207269	1.0581130900268354	6.525927185173685e11
223.34804393397724	1.281389580301098	1.642803872490788e11
9.149268935266377	0.8441297208772818	1.790625792598311e11
252.29820688582947	1.1499003096791316	8.37411665138413e10
107.49734601258587	0.7643595436531916	1.7779336600281985e11
106.69017100813733	0.7562472313409001	-2
253.475757914832	0.7009101147217791	-2
50.138724452073916	0.8393521756093564	1.7162469856510254e11
304.60005507832545	0.8814146736833045	1.525453982058413e11
197.43596340098782	1.0996646886962478	9.941604631980396e10
78.34129421343806	0.9371413746805071	1.5769271468816678e11
354.25360373342903	1.0468988127823273	1.190613047768532e11
164.1149155664025	0.9716917373069216	1.3555754454666953e11
230.2193880929467	0.7492482549087749	-2
291.4724448623524	1.1213112101605152	1.0685803572573773e11
219.32377021237414	0.8322110875787045	1.3238022899494589e11
347.79158392016916	0.966811463067129	1.6312190448418762e11
248.9197098763741	1.2815250607537045	1.5232313273293082e11
149.9506238634064	1.0553707957721623	3.3158474285092065e11
24.748338365696384	1.099556374394959	3.5532339885557654e11
357.0806057308856	1.2227771736341184	2.3422162955673572e11
281.44747782593936	1.0503902794202866	1.2392555268927911e11
168.63124877428913	0.9513889754623494	1.6197857012336588e11
325.6037754161988	0.9616598105112071	1.231956101746167e11
286.14940029955903	0.7610191560825843	1.4827632922966486e11
286.00979918165115	1.0090205803560288	1.509405134232095e11
116.51806869180189	1.067673564236224	6.967886650582307e11
79.78953695366624	0.757280731025299	1.5447113292021512e11
47.164976953581686	1.0892071746060745	3.8973357646979974e11
325.36912451435205	0.7221215763444366	-2
123.98011438786631	0.9726949196949363	1.8537077354004028e11
53.30518578959226	0.8993148575157497	3.331376301519253e11
294.41565134775	1.0742419407697503	1.5037449669581305e11
118.06219802825234	1.0566365394082569	6.180083605706373e11
8.272249004866296	0.9031501630811769	2.0433098432647952e11
214.01001496746846	0.803421076699129	1.2022030690822295e11
238.95345434283752	1.1740347342632858	8.627188397745508e10
215.86928358927457	0.9902272995049979	1.5327656854689984e11
90.4521566037069	0.8033443407612498	1.5748694885991782e11
122.96522467725134	1.0223774870349607	3.306108695776782e11
120.49818051895528	1.0905215427451669	7.292523933691672e11
108.43332568372443	0.9252041720529594	2.349314459089885e11
279.6225146560133	0.7923807436306277	1.2080409956845113e11
316.60723510782225	1.1007203342437053	1.0967437905784201e11
293.6086458850018	1.2948309538656022	1.2709588467492279e11
145.91624150266625	1.1297777969255103	1.3982170153800705e11
294.23832919803294	1.146621170952524	1.0581228126588644e11
115.70203974836869	0.9363722805733451	2.4053654225589142e11
22.961696100277663	0.8858469287753946	1.822193857981079e11
71.79558119133117	0.9415850453600634	1.732506430921386e11
250.12210046294308	1.1465456531586942	6.461790733669396e10
94.91221434732711	1.2120938202316012	1.4182926400781821e12
257.6325770219912	1.1433434884168707	1.0066193988789093e11
200.5647449520037	1.1733884346107213	1.3887539142152216e11
19.411132791534897	1.0419643963123646	2.0692774142535696e11
85.12724841136514	0.957917047567981	2.5839743887877612e11
60.002799346891436	0.8453909527351108	2.4662370021930054e11
196.72391530863615	0.804662842907768	1.3911504420155545e11
194.51944093068607	1.2303662715817099	1.2016868001029163e11
296.3738147868604	1.0413179429752455	1.4839396664834946e11
183.70054528426704	0.790466064442689	1.571060236179238e11
114.6164320126457	0.7040990200473373	-2
113.1164941978817	0.8231588385793284	2.0326400688403888e11
243.63070424385307	1.2435351795017182	1.1612613502227155e11
196.78936930651366	0.7591444158141579	2.510523058574333e11
90.8075317374487	0.9080979725311292	2.5944128196816214e11
231.9952929025569	1.0706021649825181	1.477808790175907e11
94.38265779210457	0.9943436696005662	5.169877771027615e11
15.476947240054983	0.8655667625901113	2.1024473508645673e11
18.052397695923048	1.052426273185858	1.923189986947505e11
302.5434883250242	1.091606475821306	1.4797429473975662e11
333.31169792666185	0.8879703973698001	1.3403279679991252e11
49.707868209146056	0.7265192563691736	-2
224.2604730989351	0.8553876062306015	1.5197758281165588e11
328.30673922752544	1.062935355680938	1.3332920885086612e11
65.98971023356631	1.1233802304595832	9.723767742014647e11
299.08852538837675	0.745231877229451	-2
65.2907699437107	0.8980029467006629	3.367665326315461e11
85.08644642419836	0.9576091991284039	2.5594126051599152e11
327.8755747196708	0.8401308055333387	1.280977603271872e11
152.3318918775259	0.8998126245991773	1.6200074861167404e11
163.16793826544222	0.7720664502761687	1.6586508877695978e11
20.919137980401842	1.2959397112446187	2.3737669506194568e11
129.9652247504394	0.8218318450367481	1.5132061501899765e11
114.46053414440473	1.2534474797705895	1.3832567737314265e12
64.16721275347771	1.2493822344213394	1.3707992260205767e12
255.61469924568212	0.8072078193453434	1.4313171679759146e11
224.13182520359624	1.1007883286388749	1.0963104032875835e11
201.01160554911178	1.1083523461475464	1.3837907361126257e11
36.440902973556945	0.8236292196192918	1.8105532130043243e11
139.71620007114058	0.9755737061896974	3.3056344328047595e11
351.1199750677398	1.1411028565103936	1.037989391053923e11
139.30706135678008	0.8303190977307635	1.464629652069717e11
187.6171281779732	1.1056135734829655	1.9703933814896106e11
47.89827618326285	0.8006912428901897	1.8180954659708008e11
310.9904690277484	0.8844259791335012	1.511240363849949e11
157.1464230768347	1.2746548203311567	1.3154897145585732e11
20.007691435485413	1.27699833775676	3.1073988637193115e11
175.28694331236727	1.2913700707364808	2.149412568113996e11
182.73125867346755	0.726950942514534	-2
207.5399423704872	1.1837598947059524	1.748734561571208e11
116.8893559058713	0.7799627713479925	1.869109009812417e11
122.4181956379523	0.7681513143310739	1.830848217667474e11
318.4230284169223	0.8678173571929405	1.1701474622320374e11
273.7569341044074	0.824535215837951	1.4999323980556674e11
4.360994627838977	0.9318136465155675	1.930776498154843e11
44.107773754511754	1.0071256793479837	2.8845597207712335e11
236.26610862481698	0.932434070931254	7.886649522593214e10
196.06358639268637	1.1343968251595984	9.51397376405873e10
191.88004246325784	0.8521474534183698	1.4151024505244595e11
256.49417134997077	1.0577792512131916	1.019597412075192e11
351.1007668670486	1.167240295615201	1.0268445008230861e11
259.4136760021464	1.0256370175691223	1.3046486997689577e11
90.94468071278658	1.1636866972337419	1.270567421201297e12
331.250795452205	0.7754255961808972	1.541998990491749e11
322.9818192073956	0.9899350063124426	1.5141356119443652e11
181.97987292637538	0.7614932090346491	1.652381303882366e11
345.4287275941572	0.7392324441229864	-2
146.69278818825723	1.2267803065907823	4.7421487562250195e11
60.16023975405761	0.7435792646410252	-2
16.79488574049458	1.017579371257285	1.3342542440272133e11
121.85260551038465	0.9819213068093174	1.4783709431955893e11
188.01289142837288	1.1585880305885958	2.0471616329190735e11
95.67207858658043	1.1772338714330461	1.3058996805289146e12
122.57134169528001	0.9766410155656513	1.5619870714039642e11
310.2585770572632	0.7985929881544676	1.1721759298783524e11
343.76689296893585	0.9429098459318981	1.7417394088867218e11
72.44179924597557	0.8035264159518636	1.5045917928114188e11
22.648448640356946	0.9844401400280638	1.773497211286899e11
84.82467096469804	0.8285805782782362	2.5449536266688852e11
321.2138677327597	1.2045301763190726	1.325611744571387e11
36.0195216140437	1.2901274239545715	7.953472583714386e11